Nucleotide_Seqence RMSF SD
r
1 2.82 0.25
2 2.27 0.14
3 1.81 0.17
4 1.48 0.19
5 1.24 0.16
6 1.15 0.11
7 1.25 0.11
8 1.29 0.14
9 1.43 0.14
10 1.51 0.12
11 1.54 0.12
12 1.53 0.16
13 1.47 0.21
14 1.4 0.21
15 1.35 0.17
16 1.35 0.18
17 1.51 0.22
18 1.9 0.19
19 2.48 0.25
20 2.36 0.38
21 1.89 0.87
22 1.86 1.21
23 1.73 0.51
24 1.68 0.15
25 1.58 0.15
26 1.42 0.15
27 1.42 0.18
28 1.81 0.22
29 2.44 0.25
30 2.94 0.24
31 2.76 0.17
32 2.95 0.16
33 2.92 0.18
34 2.49 0.17
35 2.1 0.16
36 1.76 0.16
37 1.48 0.14
38 1.34 0.15
39 1.2 0.18
40 1.04 0.17
41 0.9 0.11
42 1.07 0.2
43 1.3 0.22
44 1.3 0.2
45 1.31 0.14
46 1.32 0.1
47 1.28 0.09
48 1.34 0.12
49 1.48 0.17
50 1.91 0.25
51 2.89 0.55
52 4.35 1.1
rmg
1 3.1 0.4
2 2.59 0.39
3 2.0 0.31
4 1.44 0.21
5 1.22 0.23
6 1.32 0.33
7 1.56 0.32
8 1.42 0.24
9 1.49 0.26
10 1.69 0.29
11 1.83 0.33
12 1.93 0.38
13 1.9 0.4
14 1.79 0.37
15 1.63 0.35
16 1.56 0.31
17 1.72 0.31
18 2.14 0.32
19 2.84 0.61
20 2.69 0.61
21 2.03 0.49
22 1.72 0.34
23 1.91 0.31
24 2.09 0.42
25 2.0 0.46
26 1.9 0.51
27 1.97 0.46
28 2.32 0.34
29 2.92 0.34
30 3.46 0.42
31 3.25 0.46
32 3.42 0.51
33 3.4 0.52
34 2.92 0.46
35 2.48 0.41
36 2.12 0.4
37 1.93 0.4
38 1.9 0.35
39 1.87 0.33
40 1.67 0.33
41 1.12 0.21
42 1.11 0.23
43 1.54 0.35
44 1.75 0.4
45 1.85 0.37
46 1.83 0.29
47 1.7 0.24
48 1.72 0.27
49 1.92 0.2
50 2.41 0.34
51 3.75 0.51
52 5.86 1.3
rmgf
1 2.41 0.26
2 1.93 0.13
3 1.45 0.08
4 1.05 0.05
5 0.86 0.05
6 0.84 0.05
7 0.87 0.06
8 0.98 0.06
9 1.15 0.06
10 1.3 0.06
11 1.36 0.05
12 1.34 0.05
13 1.28 0.06
14 1.25 0.06
15 1.22 0.08
16 1.23 0.08
17 1.35 0.07
18 1.64 0.09
19 2.06 0.14
20 1.95 0.13
21 1.58 0.31
22 1.58 0.62
23 1.59 0.36
24 1.48 0.09
25 1.4 0.09
26 1.27 0.07
27 1.32 0.07
28 1.74 0.1
29 2.38 0.11
30 2.87 0.09
31 2.64 0.11
32 2.77 0.16
33 2.7 0.19
34 2.26 0.2
35 1.9 0.18
36 1.62 0.15
37 1.44 0.13
38 1.38 0.13
39 1.16 0.09
40 0.88 0.08
41 0.67 0.04
42 0.74 0.04
43 0.95 0.05
44 1.11 0.06
45 1.23 0.06
46 1.26 0.08
47 1.26 0.09
48 1.3 0.11
49 1.37 0.13
50 1.97 0.22
51 3.48 0.61
52 5.11 1.09
